['A Capella' 'Alternative' 'Anime' 'Blues' "Children's Music"
 'Children’s Music' 'Classical' 'Comedy' 'Country' 'Dance' 'Electronic'
 'Folk' 'Hip-Hop' 'Indie' 'Jazz' 'Movie' 'Opera' 'Pop' 'R&B' 'Rap'
 'Reggae' 'Reggaeton' 'Rock' 'Ska' 'Soul' 'Soundtrack' 'World']
[[   3    0    0    1    2    0    0    0    0    0    0    0    0    0     1   14    8    0    0    0    0    0    0    0    0    0    0]
 [   0  350    3   13    0  225    2    0  157   58   85   38  110  109    44    1    0   91  150   29   28   30  168    6   78    1   26]
 [   1   39  953   58   10    8   21    6   51    6   84    1    0    0    13   56   61    5    0    0   35   68    3  124    4  102   79]
 [   1   46   42  742    3   21   10    5  110    6   85   33    1   19   104   43    3   14   11    3  115   77   75   97   99   11   88]
 [   0    0   10    4  805    0    7   17    2    6    4    1    0    0     6  163    9    0    0    0   10   10    0   21    0    2    2]
 [   0  232    0    3    0  276    2    2  103   97   44   33  152  164    26    1    0  193  115   27   16   12  329    7   38    1   26]
 [   0   21   38   31   11    5  959    3    5    0   26   11    0    7    77  106  196    0    1    0    0    0    1    4    5  258   56]
 [   0    1    5    9   13    0    0 1832    4    0    0    1    2    1     0   33    2    0    1    0   11   11    2    5    7    0    4]
 [   0   62    8   46    0   25    2    0  903   38   12   62   30   45    20   13    0   84   39    5   38   46  169   12   58    0   33]
 [   0   44    0    0    6   63    0    0   87  258   50    3  150   70    10   13    0  528  136   30   28   36  189    1   42    1    5]
 [   0   36   32   60    1   23    3    0   34   30 1104   14   28   15   122    5    1   22   22    2   84   64   22   14   42   35   64]
 [   0   56    2   52    2   47   14    1  275   25   34  259   16  306   119    7    0   93   65    1   21   10  310    7  117   15   38]
 [   0    7    0    0    0   17    0    0   18   72    8    2  928   24    10    1    0  382   91  156   22   45   18    0   18    0    0]
 [   0   89    0    8    0  103    1    0   90  117   34  115   94  359    41    3    0  281  137   37   19   17  273    7   73    6    5]
 [   0   17   14  147   17    8   46    0   54    5  174   65   21   61   747   24    1   14   37    2   73   66   27    7  149   57   69]
 [   1    2   48   38  175    1   26   40   15    3    7    3    1    2    19  890  138    4    9    1   15   26    3   24   16   56   38]
 [   2    0   22    4    5    0   67    5    0    0    0    1    0    0     4  154 1299    0    0    0    0    0    0    0    0   25    5]
 [   0    1    1    0    1   29    1    0   32   85    3    6  221   44     2    0    0 1108   29   75    3   19  226    0    8    1    0]
 [   0   31    0    5    0   19    1    1   74  123   32   28  248  121    53    5    0  280  384   68   73   60   30    2  210    1    5]
 [   0    7    0    0    0   73    0    0    8   81    5    1  773   20     2    0    0  526   74  175    7   25   61    1   12    0    0]
 [   0   10   30   80   10    7    1    1   49   21   64   11   63   11    38    5    0   18   39    3  776  300   16   65   60    1   19]
 [   0    8   19   27    2    2    0    1   46   30   49    0   97    2    16    8    0   78   42   12  206 1165    6   19   28    0    8]
 [   0   29    1    7    0  213    0    0  112   78   11   25   26  158    10    0    0  330   16   13   19    2  728    4   20    4    6]
 [   0   36  110  107   11   16    9   13   41    9   48    2    5   11    22   21    0    5    5    1  196  112   27  894   20    2   22]
 [   0   37    2   72    2   12    3    0  143   45   83   63   96  110   142   11    1  104  242   19   91   64   87    4  343    5   17]
 [   0    2   83   14    1    1  169    2    2    0   52    8    0    7    37   37   26    1    5    0    1    1    5    2    4 1413   28]
 [   0   35   51  101    1   33  110    4  110    2  119   28    2   18   121   24   11    9    9    0   37   44   25   10   28  136  731]]